0.512479 2.06744
0.523236 2.01365
0.537428 1.99118
0.543644 1.9795
0.548097 1.97679
0.556324 1.96272
0.565283 1.95683
0.57412 1.94633
0.580614 1.94876
0.590475 1.93999
0.600309 1.93331
0.610264 1.92717
0.620207 1.92248
0.630162 1.91937
0.640156 1.91863
0.650136 1.91534
0.660131 1.91271
0.670118 1.90973
0.680113 1.90742
0.690109 1.90485
0.700107 1.90101
0.710116 1.89853
0.720113 1.89529
0.730103 1.89202
0.740094 1.88964
0.750096 1.88706
0.760094 1.88387
0.770093 1.88121
0.780095 1.87708
0.790094 1.87346
0.800092 1.86952
0.81009 1.86491
0.820089 1.8606
0.830088 1.85511
0.840087 1.85038
0.850088 1.84518
0.860088 1.83962
0.870087 1.83382
0.880087 1.82708
0.890087 1.81994
0.900087 1.8122
0.910087 1.80441
0.920087 1.79618
0.930087 1.78686
0.940087 1.77636
0.950087 1.7657
0.960087 1.7547
0.970086 1.74221
0.980086 1.72856
0.990086 1.71394
1.00009 1.69769
1.01009 1.68048
1.02003 1.66218
1.02009 1.66196
1.03003 1.64257
1.04003 1.62572
1.05 1.62614
1.06003 1.62776
1.07003 1.62838
1.08003 1.62859
1.08808 1.6286
1.09003 1.62862
1.1 1.62786
1.10808 1.62682
1.11808 1.62495
1.12808 1.62275
1.13808 1.6194
1.14808 1.61522
1.15808 1.60991
1.16808 1.60408
1.17808 1.59704
1.18808 1.58892
1.19808 1.57971
1.20808 1.57118
1.213 1.56352
1.21808 1.56515
1.223 1.57176
1.225 1.57549
1.22808 1.58144
1.23808 1.60924
1.24808 1.6416
1.27808 1.70142
1.28808 1.72308
1.29808 1.74369
1.30808 1.76508
1.32808 1.80777
1.33808 1.82866
1.34808 1.85731
1.35808 1.87565
1.36808 1.89799
